0.204659 0.0266857 0.803
0.250849 0.0484033 0.804
0.33344 0.0595734 0.805
0.415346 0.0733211 0.805
0.484608 0.0861358 0.805
0.592304 0.0610157 0.805
0.60422 0.0570812 0.808
0.6695 0.0644889 0.808
0.72681 0.077669 0.808
0.761504 0.0879606 0.808
0.779633 0.103027 0.809
0.818745 0.103008 0.809
0.829777 0.109869 0.809
0.857988 0.0987928 0.809
0.867678 0.0989747 0.809
0.891765 0.0893644 0.809
0.905931 0.080178 0.806
0.923117 0.0660834 0.806
0.968052 0.0572144 0.807
0.950274 0.0399415 0.807
0.952685 0.0154123 0.811
0.94047 0.00263483 0.811
0.932311 -0.0106427 0.811
0.942355 -0.0236447 0.811
0.92985 -0.0345447 0.811
0.931645 -0.0441074 0.811
0.950974 -0.0528514 0.811
0.953735 -0.0700784 0.811
0.95335 -0.088774 0.811
0.962498 -0.0998173 0.807
0.966645 -0.125717 0.807
0.989128 -0.192554 0.807
0.98869 -0.207007 0.811
1.0049 -0.227473 0.811
1.00458 -0.252947 0.811
0.995253 -0.261444 0.811
1.00167 -0.275118 0.811
1.00705 -0.287687 0.811
1.01241 -0.297664 0.81
1.02138 -0.306676 0.81
1.02643 -0.315011 0.809
1.02274 -0.322283 0.809
1.03132 -0.345848 0.808
1.01973 -0.355581 0.807
1.04354 -0.365585 0.807
1.04806 -0.378968 0.81
1.05431 -0.388423 0.81
1.0614 -0.396751 0.81
1.06639 -0.404713 0.811
1.0801 -0.411683 0.811
1.0989 -0.417778 0.812
1.09478 -0.404713 0.812
1.12791 -0.394927 0.812
1.13575 -0.401995 0.812
1.14234 -0.387046 0.811
1.14428 -0.381964 0.811
1.14684 -0.373478 0.815
1.16307 -0.35738 0.815
1.16064 -0.349385 0.81
1.17264 -0.360407 0.814
1.17071 -0.367162 0.813
1.16582 -0.366792 0.813
1.18094 -0.358406 0.812
1.17945 -0.358792 0.812
1.18565 -0.35738 0.812
1.18112 -0.355179 0.812
1.18733 -0.359295 0.816
1.20182 -0.35944 0.816
1.20734 -0.348185 0.81
1.21305 -0.339583 0.81
1.21095 -0.335351 0.81
1.20546 -0.329803 0.81
1.21844 -0.314696 0.81
1.21584 -0.298472 0.81
1.21681 -0.289635 0.81
1.21468 -0.279939 0.81
1.21914 -0.270756 0.81
1.21537 -0.263112 0.81
1.22795 -0.256312 0.81
1.21801 -0.250114 0.81
1.20929 -0.225523 0.81
1.22073 -0.216261 0.81
1.22431 -0.197186 0.811
1.2325 -0.184495 0.811
1.22447 -0.18376 0.811
1.2175 -0.175548 0.811
1.23344 -0.178574 0.811
1.21705 -0.176231 0.811
1.19667 -0.174437 0.812
1.22145 -0.257411 0.812
1.21128 -0.275837 0.812
1.21303 -0.276846 0.812
1.21058 -0.300341 0.817
1.20119 -0.323641 0.817
1.21176 -0.330987 0.821
1.22419 -0.32954 0.826
1.22261 -0.338086 0.826
1.22683 -0.343212 0.826
1.22365 -0.346598 0.825
1.21527 -0.246331 0.821
1.21346 -0.225815 0.821
1.19738 -0.177547 0.821
1.17259 -0.138795 0.826
1.1427 -0.106267 0.826
1.13598 -0.0771005 0.826
1.11082 -0.0730172 0.826
1.1092 -0.0381414 0.827
1.0982 -0.0378724 0.83
1.10475 -0.0302934 0.83
1.1236 -0.0201199 0.83
1.13108 -0.0132784 0.83
1.1292 -0.00758214 0.83
1.1647 -0.00175808 0.83
1.1419 0.00326184 0.83
1.15431 0.00264877 0.834
1.15996 -0.00320257 0.834
1.16586 0.0140706 0.833
1.16199 0.00968213 0.833
1.16471 -0.0151037 0.833
1.14398 -0.0273892 0.833
1.1573 -0.0542827 0.833
1.14256 -0.0693814 0.833
1.15102 -0.113051 0.833
1.13313 -0.145214 0.834
1.1367 -0.168266 0.834
1.14744 -0.202543 0.834
1.14726 -0.216259 0.834
1.14038 -0.235128 0.834
1.13705 -0.262626 0.834
1.13994 -0.279128 0.834
1.13021 -0.325336 0.833
1.14161 -0.347605 0.832
1.12452 -0.357074 0.831
1.13654 -0.385784 0.83
1.1238 -0.403288 0.829
1.13052 -0.404231 0.829
1.1306 -0.426657 0.829
1.12113 -0.438298 0.829
1.13205 -0.449126 0.83
1.124 -0.459559 0.83
1.14012 -0.468876 0.83
1.14286 -0.476828 0.831
1.12303 -0.476003 0.832
1.13662 -0.459486 0.831
1.14578 -0.456672 0.83
1.13443 -0.451268 0.83
1.14436 -0.445497 0.83
1.12934 -0.430752 0.83
1.14935 -0.424554 0.829
1.14667 -0.426856 0.83
1.14358 -0.433909 0.83
1.1501 -0.423068 0.83
1.14299 -0.422249 0.83
1.13744 -0.411116 0.83
1.14028 -0.406399 0.83
1.13402 -0.401718 0.83
1.13141 -0.396918 0.83
1.1429 -0.392785 0.83
1.13396 -0.38928 0.831
1.13791 -0.397659 0.831
1.14702 -0.388554 0.832
1.15315 -0.39753 0.832
1.16534 -0.388894 0.832
1.16352 -0.397787 0.832
1.16803 -0.399217 0.832
1.18039 -0.400296 0.832
1.17205 -0.402263 0.832
1.17818 -0.403981 0.832
1.16783 -0.40519 0.832
1.17892 -0.427517 0.832
1.17895 -0.433497 0.833
1.19222 -0.44044 0.833
1.20117 -0.448668 0.833
1.21525 -0.455266 0.837
1.23196 -0.46075 0.837
1.23428 -0.46597 0.837
1.25819 -0.558548 0.837
1.29493 -0.608151 0.837
1.29994 -0.642588 0.833
1.32586 -0.683748 0.833
1.33611 -0.719762 0.833
1.34844 -0.749334 0.833
1.37428 -0.776616 0.833
1.38745 -0.801213 0.833
1.39657 -0.856401 0.833
1.4015 -0.883384 0.833
1.42389 -0.910121 0.833
1.42983 -0.950935 0.833
1.45191 -0.976995 0.833
1.45796 -0.973382 0.832
1.46411 -0.990038 0.832
1.48269 -1.0022 0.832
1.48471 -1.01002 0.832
1.48444 -1.0182 0.832
1.48961 -0.973172 0.832
1.48558 -0.955225 0.832
1.48236 -0.955365 0.832
1.46802 -0.941494 0.831
1.48252 -0.941647 0.83
1.47433 -0.937133 0.83
1.45828 -0.932937 0.829
1.45492 -0.929895 0.829
1.44587 -0.927195 0.829
1.43868 -0.924554 0.829
1.4252 -0.922297 0.829
1.4258 -0.92031 0.829
1.40487 -0.918513 0.829
1.40528 -0.916916 0.828
1.40995 -0.9155 0.825
1.41472 -0.917808 0.824
1.41908 -0.917507 0.824
1.42315 -0.917521 0.823
1.43382 -0.917878 0.821
1.45435 -0.918071 0.821
1.45317 -0.918179 0.82
1.46743 -0.918331 0.82
1.46267 -0.918464 0.819
1.47315 -0.909473 0.815
1.48121 -0.907473 0.815
1.48195 -0.904979 0.815
1.48245 -0.901877 0.815
1.48898 -0.899432 0.815
1.50535 -0.897423 0.815
1.49327 -0.895488 0.815
1.51335 -0.893775 0.815
1.51256 -0.892281 0.815
1.51991 -0.89094 0.818
1.54183 -0.889741 0.814
1.55724 -0.888679 0.813
1.56101 -0.887732 0.809
1.57755 -0.886889 0.809
1.58423 -0.886139 0.805
1.58501 -0.885471 0.805
1.58831 -0.884876 0.804
1.6061 -0.884347 0.803
1.6084 -0.883876 0.803
1.62674 -0.883456 0.799
1.62298 -0.883083 0.799
1.63876 -0.88275 0.798
1.63951 -0.882454 0.798
1.65749 -0.882191 0.792
1.66596 -0.881956 0.792
1.66713 -0.881747 0.792
1.67989 -0.881561 0.792
1.67367 -0.881396 0.792
1.67934 -0.646109 0.792
1.67574 -0.591715 0.792
1.68227 -0.524814 0.792
1.68378 -0.442513 0.792
1.682 -0.37743 0.792
1.68317 -0.323795 0.792
1.7059 -0.27226 0.792
1.69554 -0.22664 0.791
1.70877 -0.186836 0.791
1.71476 -0.151104 0.791
1.71231 -0.119181 0.791
1.73377 -0.0908734 0.79
1.72611 -0.0656664 0.79
1.73538 -0.0432014 0.79
1.74051 -0.0232121 0.789
1.7352 -0.00542041 0.789
1.74602 0.0104215 0.788
1.74069 0.0245241 0.788
1.75042 0.0370778 0.788
1.75814 0.0482537 0.786
1.785 0.0582028 0.786
1.7655 0.0670596 0.786
1.77961 0.0749441 0.785
1.77299 0.0819632 0.782
1.7927 0.0882116 0.785
1.78559 0.0937742 0.782
1.78501 0.0987261 0.782
1.79632 0.103134 0.782
1.78655 -0.0369389 0.782
1.79235 -0.0666755 0.782
1.794 -0.104464 0.782
1.80622 -0.152032 0.782
1.80113 -0.189367 0.782
1.79754 -0.219968 0.785
1.80736 -0.24953 0.786
1.79956 -0.281573 0.786
1.7988 -0.305723 0.786
1.80485 -0.327867 0.785
1.80878 -0.348218 0.785
1.80655 -0.366063 0.782
1.80528 -0.381845 0.786
1.80584 -0.396005 0.786
1.80626 -0.408598 0.785
1.81493 -0.429811 0.785
1.81706 -0.442094 0.785
1.81969 -0.442324 0.785
1.81691 -0.46257 0.785
1.81804 -0.471762 0.785
1.81543 -0.49128 0.785
1.81162 -0.52677 0.785
1.80713 -0.543143 0.785
1.81378 -0.560323 0.781
1.80731 -0.571631 0.781
1.80589 -0.584714 0.785
1.80525 -0.601692 0.785
1.79454 -0.61256 0.785
1.78477 -0.635339 0.785
1.78296 -0.648028 0.785
1.77696 -0.660027 0.786
1.76568 -0.671817 0.786
1.76692 -0.681987 0.786
1.7599 -0.6908 0.785
1.74986 -0.698824 0.785
1.75812 -0.705964 0.785
1.75619 -0.687605 0.785
1.75083 -0.687546 0.786
1.76574 -0.687077 0.786
1.77113 -0.683267 0.786
1.77443 -0.680854 0.786
1.77343 -0.679305 0.786
1.78379 -0.677475 0.788
1.78415 -0.675846 0.788
1.7806 -0.674505 0.788
1.78217 -0.673278 0.792
1.76987 -0.672168 0.804
1.78222 -0.663816 0.792
1.75795 -0.661246 0.815
1.77985 -0.650947 0.788
1.7873 -0.628482 0.792
1.79332 -0.61233 0.784
1.79294 -0.600843 0.788
1.80139 -0.588489 0.788
1.80129 -0.5794 0.792
1.79523 -0.570559 0.791
1.80174 -0.56123 0.791
1.80837 -0.553989 0.791
1.81291 -0.547425 0.791
1.81652 -0.541407 0.791
1.8212 -0.536115 0.79
1.81274 -0.62062 0.794
1.81603 -0.650149 0.794
1.80718 -0.688205 0.799
1.79401 -0.743657 0.807
1.77962 -0.764907 0.811
1.76178 -0.786557 0.811
1.76344 -0.839317 0.816
1.74501 -0.865657 0.816
1.73267 -0.890542 0.82
1.73103 -0.916204 0.82
1.72684 -0.861129 0.82
1.71806 -0.862111 0.82
1.72004 -0.857464 0.82
1.74135 -0.845882 0.801
1.75023 -0.764326 0.8
1.76936 -0.740408 0.796
1.77236 -0.713037 0.796
1.78946 -0.68149 0.8
1.79014 -0.6561 0.817
1.80471 -0.634805 0.801
1.82738 -0.614645 0.792
1.82649 -0.618823 0.792
1.82527 -0.608268 0.817
1.82753 -0.600506 0.792
1.83584 -0.586866 0.794
1.82291 -0.591581 0.794
1.81198 -0.586919 0.79
1.81599 -0.58887 0.807
1.82215 -0.588283 0.78
1.82472 -0.587885 0.792
1.79397 -0.587749 0.785
1.81813 -0.587641 0.782
1.79885 -0.587448 0.784
1.81562 -0.587316 0.797
1.8161 -0.576805 0.812
1.79475 -0.574296 0.789
1.81624 -0.580161 0.789
1.80579 -0.5785 0.79
1.80866 -0.578082 0.79
1.81319 -0.578763 0.79
1.82493 -0.578891 0.79
1.8148 -0.578854 0.79
1.81627 -0.579 0.794
1.80217 -0.579107 0.79
1.79791 -0.579167 0.79
1.80547 -0.579236 0.79
1.80404 -0.579302 0.785
1.76839 -0.579355 0.785
1.76041 -0.563435 0.786
1.74721 -0.56715 0.791
1.73319 -0.564351 0.792
1.73151 -0.507643 0.792
1.7108 -0.493543 0.792
1.71067 -0.476842 0.793
1.70358 -0.456433 0.798
1.69623 -0.472012 0.807
1.68562 -0.465958 0.818
1.69904 -0.462162 0.8
1.71478 -0.461914 0.796
1.73613 -0.460783 0.796
1.73811 -0.369381 0.8
1.74225 -0.366562 0.823
1.7296 -0.344539 0.814
1.75092 -0.317626 0.81
1.75136 -0.298652 0.801
1.76641 -0.274564 0.801
1.75933 -0.256722 0.797
1.75679 -0.240597 0.798
1.7549 -0.225741 0.801
1.75028 -0.238626 0.806
1.74982 -0.243887 0.814
1.73225 -0.243406 0.818
1.72367 -0.251745 0.819
1.69978 -0.234143 0.802
1.71124 -0.232299 0.799
1.70504 -0.229699 0.798
1.71363 -0.2297 0.818
1.70846 -0.264876 0.817
1.71343 -0.302859 0.808
1.71184 -0.319542 0.803
1.74855 -0.340275 0.811
1.73983 -0.360381 0.802
1.75031 -0.34261 0.793
1.74095 -0.349216 0.802
1.76102 -0.352874 0.816
1.74444 -0.385241 0.78
1.7635 -0.358329 0.796
1.76106 -0.368016 0.794
1.7486 -0.369622 0.802
1.73873 -0.368507 0.802
1.75975 -0.347211 0.794
1.75714 -0.343155 0.785
1.73973 -0.33717 0.794
1.76871 -0.329853 0.79
1.7724 -0.324209 0.789
1.76132 -0.319525 0.793
1.75567 -0.314993 0.789
1.74275 -0.311001 0.788
1.74596 -0.307519 0.783
1.72511 -0.304387 0.788
1.70735 -0.226321 0.792
1.67683 -0.211688 0.792
1.62218 -0.189306 0.792
1.60496 -0.162508 0.796
1.59126 -0.141776 0.811
1.53642 -0.104493 0.797
1.52575 -0.0599959 0.792
1.51428 -0.034278 0.793
1.53643 -0.00787595 0.798
1.50549 -0.09133 0.812
1.52461 -0.0951381 0.798
1.55141 -0.107204 0.794
1.59423 -0.0056406 0.794
1.60026 0.00771434 0.794
1.64288 0.0311566 0.799
1.6679 0.0478625 0.799
1.67851 0.0651131 0.808
1.70756 0.0793863 0.809
1.71174 0.0572354 0.805
1.70885 0.0606835 0.801
1.70101 0.0352701 0.798
1.70173 0.0112969 0.801
1.7199 0.0484955 0.807
1.69477 0.0395945 0.81
1.671 0.0259873 0.816
1.6674 0.0275332 0.816
1.68926 0.0255572 0.816
1.6669 0.0216332 0.811
1.65823 0.0195817 0.807
1.66576 0.0178656 0.807
1.67805 0.0159386 0.808
1.6588 -0.0447689 0.812
1.6829 -0.0597768 0.813
1.66443 -0.0778263 0.81
1.66634 -0.0996126 0.817
1.66412 -0.163298 0.808
1.70229 -0.160776 0.796
1.68193 -0.176477 0.8
1.69859 -0.185646 0.819
1.67483 -0.221849 0.806
1.71115 -0.210124 0.781
1.73166 -0.226831 0.806
1.7332 -0.226031 0.817
1.74475 -0.245657 0.812
1.73545 -0.231625 0.798
1.75784 -0.20041 0.812
1.75282 -0.222686 0.793
1.77601 -0.212855 0.793
1.77968 -0.20608 0.791
1.80135 -0.203624 0.791
1.78702 -0.209507 0.79
1.83334 -0.207978 0.79
1.81367 -0.206519 0.789
1.82107 -0.197078 0.789
1.83738 -0.194663 0.789
1.85292 -0.174976 0.784
1.84865 -0.150072 0.785
1.86665 -0.138498 0.785
1.84821 -0.131987 0.79
1.85987 -0.135316 0.794
1.86472 -0.129995 0.794
1.84542 -0.136768 0.794
1.85718 -0.148536 0.795
1.84285 -0.151843 0.796
1.85745 -0.163293 0.8
1.85594 -0.179993 0.8
1.8501 -0.189534 0.801
1.84778 -0.198486 0.801
1.84975 -0.207489 0.797
1.86231 -0.209614 0.797
1.84767 -0.204961 0.797
1.84159 -0.207144 0.801
1.85339 -0.213211 0.802
1.86833 -0.225652 0.799
1.86379 -0.22594 0.799
1.8514 -0.240678 0.803
1.86536 -0.238627 0.8
1.86583 -0.242578 0.8
1.84263 -0.24644 0.805
1.86199 -0.255784 0.805
1.83839 -0.260962 0.806
1.82907 -0.265508 0.806
1.81803 -0.270205 0.807
1.80858 -0.275628 0.807
1.80297 -0.300275 0.808
1.79553 -0.320791 0.804
1.78632 -0.332827 0.809
1.77966 -0.363427 0.82
1.76198 -0.379896 0.82
1.75995 -0.382811 0.819
1.78364 -0.374098 0.819
1.77833 -0.378914 0.819
1.77784 -0.369658 0.819
1.77305 -0.361392 0.815
1.80116 -0.35779 0.815
1.75871 -0.353285 0.815
1.75743 -0.348795 0.815
1.77186 -0.365936 0.815
1.72934 -0.400049 0.816
1.73801 -0.410494 0.816
1.76069 -0.382816 0.816
1.72558 -0.388029 0.812
1.75524 -0.38788 0.812
1.79037 -0.283629 0.808
1.78011 -0.262238 0.807
1.80452 -0.268492 0.807
1.79293 -0.24093 0.811
1.8075 -0.228319 0.811
1.79867 -0.220161 0.812
1.80426 -0.248524 0.812
1.83093 -0.248157 0.812
1.8338 -0.258583 0.817
1.80126 -0.266822 0.817
1.80703 -0.237897 0.82
1.80124 -0.235501 0.82
1.79694 -0.230976 0.82
1.81357 -0.223338 0.82
1.82104 -0.217753 0.82
1.80247 -0.185686 0.82
1.80925 -0.174886 0.82
1.82088 -0.163117 0.82
1.82418 -0.150079 0.82
1.83861 -0.121652 0.82
1.82667 -0.0864261 0.816
1.83191 -0.0594985 0.811
1.8405 -0.0153032 0.811
1.83925 0.0193034 0.811
1.84679 0.0541644 0.815
1.83621 0.0882369 0.819
1.83589 0.11553 0.815
1.83214 0.147865 0.803
1.85259 0.189598 0.804
1.83802 0.198181 0.819
1.84225 0.217743 0.814
1.83634 0.232843 0.812
1.86195 0.270042 0.784
1.852 0.257005 0.8
1.85115 0.271168 0.815
1.86459 0.274545 0.803
1.86841 0.319366 0.79
1.87344 0.33647 0.794
1.89896 0.344229 0.794
1.89106 0.334333 0.81
1.88023 0.341234 0.81
1.88239 0.34365 0.806
1.8911 0.379912 0.792
1.90166 0.389669 0.788
1.90038 0.406024 0.788
1.90441 0.408737 0.792
1.89319 0.418178 0.812
1.89756 0.425508 0.812
1.8913 0.400322 0.812
1.89135 0.39095 0.798
1.90049 0.402049 0.798
1.90076 0.396009 0.799
1.89623 0.393077 0.8
1.90823 0.391657 0.796
1.9056 0.40236 0.796
1.90147 0.415416 0.792
1.92644 0.413011 0.792
1.92006 0.396812 0.792
1.92951 0.394658 0.792
1.93827 0.390873 0.792
1.95599 0.385579 0.788
1.95365 0.386576 0.788
1.94674 0.376766 0.788
1.94441 0.369563 0.792
1.94507 0.364241 0.792
1.93743 0.374675 0.792
1.89883 0.379819 0.793
1.91771 0.386391 0.789
1.88496 0.391093 0.793
1.8837 0.351766 0.79
1.87425 0.440281 0.794
1.85643 0.453222 0.794
1.86815 0.403709 0.799
1.8635 0.391025 0.799
1.87973 0.408112 0.794
1.90807 0.398698 0.794
1.89487 0.328323 0.794
1.93 0.321541 0.794
1.92778 0.328005 0.794
1.93962 0.386379 0.795
1.93789 0.413665 0.795
1.95201 0.433284 0.796
1.94679 0.458076 0.8
1.93245 0.493214 0.801
1.955 0.532518 0.801
1.9356 0.556927 0.801
1.92707 0.562799 0.801
1.9217 0.557392 0.805
1.91855 0.552459 0.805
1.91033 0.553305 0.805
1.90861 0.558467 0.805
1.89879 0.550263 0.806
1.89114 0.549377 0.806
1.8832 0.548535 0.806
1.88293 0.553549 0.806
1.88134 0.580299 0.807
1.88054 0.566431 0.807
1.87425 0.570496 0.81
1.87409 0.537683 0.815
1.8776 0.525294 0.819
1.86856 0.530236 0.818
1.89749 0.540664 0.807
1.90247 0.544462 0.802
1.89532 0.537928 0.817
1.90412 0.584819 0.777
1.93073 0.591337 0.782
1.92029 0.601328 0.813
1.94244 0.601979 0.793
1.93658 0.589565 0.818
1.93855 0.589658 0.819
1.94339 0.594436 0.818
1.93319 0.584831 0.812
1.95376 0.583902 0.808
1.94003 0.599356 0.797
1.96448 0.596385 0.801
1.96524 0.582535 0.812
1.9723 0.585624 0.795
1.99105 0.60713 0.791
1.99664 0.61041 0.796
1.99609 0.593576 0.816
1.97604 0.594538 0.817
2.00183 0.599982 0.817
1.97298 0.597828 0.817
1.96419 0.596412 0.818
1.97387 0.617854 0.799
1.9672 0.605849 0.802
1.97149 0.600763 0.802
1.99001 0.580716 0.806
1.97665 0.569183 0.802
1.98627 0.56441 0.798
2.00986 0.56615 0.799
1.99095 0.557814 0.799
1.99792 0.557735 0.799
2.0017 0.553379 0.795
1.99652 0.550565 0.8
2.00541 0.528014 0.818
1.9755 0.507527 0.812
1.98787 0.492202 0.805
1.99809 0.475665 0.809
1.98958 0.457091 0.809
1.99306 0.436143 0.809
1.9952 0.43333 0.806
2.0121 0.422288 0.809
1.98172 0.409259 0.81
1.96774 0.392511 0.81
1.97247 0.375007 0.81
1.97514 0.35525 0.81
1.94142 0.341784 0.811
1.93047 0.328789 0.815
1.92115 0.302505 0.815
1.90889 0.280499 0.816
1.89223 0.229354 0.816
1.88548 0.187134 0.816
1.90207 0.163825 0.819
1.925 0.195728 0.819
1.9137 0.184034 0.819
1.9397 0.163497 0.819
1.95917 0.178202 0.819
1.9847 0.200481 0.819
1.98198 0.226132 0.819
1.99374 0.288181 0.819
2.00085 0.301169 0.82
2.00347 0.325 0.82
2.03122 0.335836 0.82
2.01293 0.351607 0.82
2.01869 0.357109 0.821
2.03357 0.372353 0.821
2.00692 0.388651 0.821
2.01671 0.391375 0.821
2.01173 0.385305 0.821
2.04534 0.392926 0.818
2.0384 0.380367 0.818
2.0599 0.378037 0.818
2.05948 0.375892 0.818
2.05133 0.380005 0.818
2.05378 0.386297 0.818
2.05876 0.395252 0.818
2.06621 0.384985 0.817
2.08025 0.380164 0.817
2.08873 0.379233 0.817
2.09603 0.376225 0.817
2.08075 0.380862 0.817
2.08195 0.380652 0.812
2.08682 0.401181 0.805
2.08526 0.421724 0.797
2.08512 0.447424 0.801
2.08595 0.458466 0.819
2.0823 0.450572 0.823
2.08013 0.455179 0.818
2.08238 0.477337 0.814
2.10102 0.509032 0.783
2.09086 0.509965 0.815
2.08057 0.514082 0.8
2.09772 0.540917 0.799
2.09908 0.550714 0.793
2.1002 0.569069 0.797
2.10759 0.569834 0.809
2.11119 0.578571 0.808
2.10931 0.597755 0.804
2.11149 0.612184 0.8
2.1157 0.642028 0.797
2.11701 0.651183 0.797
2.12069 0.664988 0.797
2.12571 0.688725 0.793
2.12835 0.683139 0.794
2.13107 0.690124 0.794
2.13375 0.686168 0.798
2.13598 0.693847 0.798
2.13795 0.689444 0.798
2.13975 0.692987 0.801
2.14134 0.693163 0.802
2.14274 0.707115 0.807
2.144 0.710854 0.807
2.14512 0.691886 0.812
2.14612 0.677301 0.817
2.14701 0.672639 0.817
2.1478 0.63558 0.818
2.1485 0.628139 0.818
2.14912 0.60866 0.818
2.14968 0.593538 0.818
2.15018 0.588739 0.805
2.15062 0.570185 0.819
2.15101 0.55268 0.818
2.15136 0.528661 0.819
2.15167 0.542522 0.8
2.15195 0.527531 0.8
2.1522 0.527561 0.8
2.15242 0.53253 0.8
2.15261 0.565074 0.813
2.15279 0.531003 0.809
2.14816 0.54656 0.8
2.12515 0.527805 0.801
2.12853 0.521708 0.801
2.11946 0.511133 0.806
2.11007 0.538068 0.801
2.12465 0.530993 0.802
2.13006 0.539541 0.802
2.11241 0.552055 0.807
2.10746 0.544949 0.807
2.11978 0.560031 0.802
2.11553 0.578659 0.802
2.09826 0.611108 0.803
2.10704 0.624758 0.803
2.07274 0.653006 0.803
2.07288 0.671596 0.803
2.04465 0.682019 0.803
2.03899 0.690165 0.803
2.00368 0.700912 0.803
2.0018 0.724424 0.8
1.95786 0.725814 0.804
1.92546 0.714958 0.804
1.9232 0.699548 0.804
1.91668 0.682141 0.804
1.88292 0.711428 0.804
1.87061 0.709779 0.804
1.84249 0.704649 0.8
1.84689 0.730338 0.801
1.81637 0.707629 0.805
1.7898 0.738128 0.805
1.80118 0.74546 0.805
1.77515 0.774283 0.805
1.76329 0.793557 0.805
1.78087 0.804081 0.804
1.76483 0.800799 0.803
1.78214 0.810184 0.807
1.78557 0.823018 0.807
1.81302 0.83393 0.807
1.83339 0.823885 0.807
1.83681 0.821792 0.806
1.83247 0.817496 0.801
1.84004 0.820919 0.8
1.84127 0.798918 0.794
1.84693 0.773948 0.79
1.86745 0.790755 0.788
1.87511 0.803692 0.786
1.90549 0.815482 0.781
1.91002 0.823146 0.781
1.92216 0.839898 0.783
1.90993 0.846083 0.783
1.91682 0.854052 0.782
1.9322 0.856954 0.782
1.94324 0.868053 0.786
1.9257 0.872544 0.783
1.95982 0.859524 0.783
1.96194 0.872359 0.801
1.93146 0.811546 0.806
1.93122 0.793375 0.81
1.92628 0.771558 0.81
1.92393 0.766918 0.811
1.94622 0.78554 0.786
1.97177 0.774734 0.793
1.9482 0.76276 0.808
1.96015 0.762521 0.8
1.97053 0.771577 0.796
1.98944 0.763775 0.796
1.98494 0.781549 0.797
1.99826 0.758006 0.793
1.98457 0.750061 0.814
1.98367 0.740708 0.809
1.98813 0.746334 0.792
1.96314 0.741829 0.814
1.97633 0.760077 0.806
1.97196 0.757773 0.806
1.96329 0.7669 0.809
1.9592 0.763096 0.809
1.96759 0.758821 0.815
1.94781 0.752675 0.816
1.94283 0.749024 0.816
1.93873 0.745484 0.816
1.94789 0.747233 0.817
1.93122 0.740349 0.816
1.94662 0.756458 0.815
1.92491 0.765718 0.815
1.9258 0.764166 0.815
1.93944 0.773323 0.811
1.94663 0.772448 0.811
1.91807 0.774713 0.811
1.91278 0.775972 0.812
1.93217 0.783302 0.812
1.91506 0.786468 0.818
1.90032 0.782341 0.818
1.90541 0.789881 0.818
1.88875 0.797854 0.819
1.88421 0.822492 0.819
1.87936 0.842385 0.819
1.87374 0.876122 0.819
1.87938 0.893831 0.82
1.87517 0.912188 0.82
1.85681 0.897803 0.82
1.86949 0.910917 0.82
1.86487 0.942731 0.82
1.82914 0.945055 0.821
1.79564 0.949615 0.821
1.76226 0.947416 0.817
1.74867 0.977356 0.817
1.67966 0.984988 0.817
1.64636 1.00359 0.817
1.621 1.03582 0.817
1.60209 1.04685 0.817
1.56333 1.052 0.817
1.55333 1.05965 0.817
1.50781 1.07746 0.817
1.47194 1.10432 0.817
1.47008 1.09011 0.821
1.45678 1.13354 0.817
1.4415 1.15233 0.817
1.44726 1.12804 0.817
1.41008 1.17488 0.82
1.40378 1.17881 0.82
1.41372 1.19087 0.82
1.40519 1.2252 0.817
1.38123 1.24721 0.817
1.34727 1.21175 0.82
1.32826 1.22222 0.82
1.30822 1.19272 0.817
1.30153 1.2188 0.803
1.26689 1.2186 0.803
1.27495 1.18867 0.814
1.25151 1.1804 0.817
1.25702 1.21866 0.817
1.30178 1.21865 0.785
1.28558 1.24265 0.815
1.31845 1.27561 0.798
1.33794 1.29319 0.805
1.33925 1.311 0.8
1.36544 1.34885 0.8
1.39676 1.36044 0.8
1.40136 1.37784 0.805
1.40052 1.38579 0.809
1.41063 1.38968 0.809
1.43083 1.3846 0.814
1.41528 1.39171 0.815
1.42895 1.38434 0.815
1.43676 1.38252 0.816
1.42481 1.32619 0.816
1.434 1.36582 0.793
1.45539 1.3949 0.793
1.45279 1.40509 0.789
1.45459 1.42679 0.789
1.45246 1.44391 0.784
1.4728 1.45395 0.784
1.45848 1.46601 0.784
1.46334 1.46877 0.784
1.45348 1.46325 0.784
1.46279 1.46645 0.789
1.4769 1.44086 0.809
1.44782 1.43553 0.808
1.46549 1.44818 0.803
1.46753 1.44131 0.799
1.45871 1.44425 0.804
1.48021 1.44435 0.8
1.46664 1.44026 0.805
1.47317 1.4386 0.801
1.49728 1.44584 0.798
1.49113 1.44822 0.794
1.5029 1.45385 0.79
1.52409 1.46019 0.786
1.54222 1.45578 0.786
1.56014 1.46187 0.786
1.56004 1.47091 0.783
1.5622 1.47387 0.784
1.56744 1.45562 0.785
1.56334 1.45825 0.785
1.55962 1.45938 0.786
1.55556 1.45627 0.788
1.53648 1.45322 0.789
1.54409 1.44709 0.789
1.51656 1.46026 0.794
1.51528 1.46152 0.794
1.48114 1.4632 0.794
1.48299 1.46587 0.79
1.44944 1.48115 0.789
1.4212 1.47369 0.789
1.41769 1.47623 0.789
1.3985 1.46631 0.789
1.37107 1.49261 0.788
1.33913 1.49726 0.789
1.3113 1.49751 0.789
1.29444 1.49186 0.789
1.26511 1.48541 0.789
1.29109 1.4872 0.789
1.29277 1.51274 0.789
1.30784 1.422 0.793
1.33103 1.46636 0.794
1.33752 1.45655 0.794
1.35937 1.47031 0.791
1.38604 1.48493 0.791
1.40765 1.46852 0.791
1.38314 1.47875 0.791
1.40497 1.45558 0.792
1.41517 1.44994 0.792
1.41416 1.43451 0.798
1.42258 1.42143 0.802
1.42832 1.40726 0.799
1.42724 1.37643 0.799
1.45141 1.36567 0.796
1.43247 1.36491 0.796
1.45289 1.35033 0.8
1.44383 1.35109 0.8
1.47227 1.33214 0.801
1.45458 1.315 0.801
1.46399 1.29595 0.801
1.47162 1.27326 0.801
1.48359 1.26728 0.802
1.48176 1.22936 0.802
1.50076 1.22808 0.802
1.53391 1.21494 0.803
1.51627 1.21245 0.804
1.52936 1.20371 0.805
1.53575 1.21644 0.807
1.54564 1.21582 0.811
1.54081 1.21641 0.817
1.54388 1.21029 0.82
1.55892 1.20414 0.81
1.55266 1.19163 0.821
1.59114 1.21533 0.808
1.57868 1.17952 0.818
1.59746 1.21273 0.788
1.59333 1.18897 0.811
1.61656 1.1856 0.806
1.61847 1.17235 0.791
1.63858 1.16632 0.782
1.65738 1.15701 0.782
1.68893 1.16457 0.779
1.68118 1.16076 0.779
1.71301 1.16817 0.781
1.69886 1.15889 0.781
1.70031 1.15816 0.785
1.68757 1.14281 0.785
1.70709 1.16324 0.785
1.72031 1.13781 0.782
1.71344 1.15878 0.784
1.71437 1.14209 0.789
1.71113 1.15905 0.792
1.72034 1.1591 0.792
1.71745 1.14976 0.793
1.72759 1.16914 0.794
1.71779 1.14777 0.795
1.7171 1.17208 0.792
1.74082 1.17165 0.792
1.74762 1.17858 0.792
1.75496 1.18315 0.798
1.7322 1.18758 0.799
1.72553 1.18543 0.799
1.74317 1.16755 0.795
1.72207 1.20702 0.796
1.72684 1.20157 0.8
1.71286 1.20983 0.801
1.70722 1.22282 0.801
1.70869 1.22489 0.802
1.70081 1.22892 0.807
1.68624 1.23396 0.807
1.6876 1.2366 0.803
1.67616 1.22523 0.803
1.679 1.22855 0.804
1.64894 1.23244 0.801
1.67629 1.22012 0.801
1.67541 1.22394 0.801
1.6643 1.23163 0.806
1.67282 1.24279 0.809
1.68278 1.26038 0.81
1.67814 1.25486 0.806
1.70502 1.26894 0.806
1.71894 1.29741 0.806
1.73474 1.31148 0.801
1.74076 1.29846 0.806
1.76243 1.30179 0.806
1.7149 1.29678 0.823
1.7435 1.26062 0.826
1.72554 1.25089 0.807
1.73134 1.23253 0.807
1.75532 1.21216 0.807
1.76311 1.20843 0.812
1.75763 1.18532 0.821
1.76338 1.17715 0.821
1.75214 1.1862 0.817
1.78239 1.19508 0.817
1.77071 1.19925 0.813
1.77284 1.20835 0.813
1.76173 1.22687 0.809
1.78031 1.22585 0.809
1.79021 1.21355 0.809
1.78868 1.23421 0.809
1.77323 1.24637 0.813
1.77881 1.24464 0.821
1.75222 1.23351 0.825
1.77417 1.24416 0.825
1.75535 1.26076 0.803
1.75131 1.28876 0.804
1.74506 1.30865 0.809
1.69609 1.32838 0.809
1.65435 1.34582 0.826
1.64263 1.37353 0.823
1.63472 1.43269 0.83
1.55922 1.4272 0.83
1.56237 1.46554 0.805
1.54707 1.50474 0.794
1.53016 1.53127 0.8
1.5135 1.53973 0.803
1.50302 1.57513 0.785
1.50602 1.60136 0.782
1.49915 1.63178 0.788
1.48497 1.65538 0.784
1.45556 1.68598 0.785
1.4628 1.70676 0.786
1.44581 1.72563 0.786
1.43158 1.7498 0.786
1.43195 1.78171 0.785
1.42225 1.8006 0.785
1.40726 1.82297 0.785
1.40148 1.84737 0.784
1.40272 1.86571 0.788
1.38177 1.88484 0.792
1.37474 1.89795 0.791
1.36905 1.9177 0.791
1.36969 1.93649 0.795
1.35745 1.94164 0.795
1.36484 1.96098 0.791
1.36618 1.97248 0.788
1.36135 1.98701 0.789
1.3521 1.99452 0.789
1.35434 1.99822 0.793
1.34337 1.9996 0.793
1.34304 2.00636 0.793
1.3188 2.00967 0.793
1.33221 2.018 0.793
1.32833 2.02251 0.789
1.32491 2.02676 0.789
1.33682 1.99679 0.793
1.32282 2.02114 0.794
1.33276 2.01412 0.799
1.32143 2.01429 0.799
1.32709 2.01888 0.795
1.33067 2.02024 0.795
1.33095 2.01559 0.795
1.32817 2.01868 0.791
1.33663 2.02459 0.791
1.33461 2.02556 0.795
1.3309 2.0212 0.8
1.33944 2.02475 0.8
1.33579 2.01975 0.801
1.32767 2.02327 0.797
1.33033 2.02353 0.797
1.33616 2.02554 0.798
1.31989 2.02376 0.802
1.32581 2.02402 0.807
1.29718 2.01784 0.823
1.28164 2.01343 0.803
1.29284 2.01656 0.803
1.28993 2.00928 0.803
1.27715 2.00683 0.808
1.25329 1.99485 0.818
1.23955 1.93968 0.818
1.24393 1.97491 0.815
1.22642 1.96448 0.811
1.21145 1.96448 0.808
1.21747 1.96312 0.808
1.16951 1.96877 0.812
1.15103 1.96888 0.812
1.14567 1.96349 0.82
1.12759 1.9563 0.819
1.11233 1.95959 0.816
1.10683 1.95677 0.815
1.09854 1.94757 0.815
1.0855 1.94427 0.815
1.0886 1.92907 0.819
1.05464 1.91255 0.824
1.05874 1.90062 0.824
1.04171 1.89654 0.824
1.00009 1.89094 0.824
1.00986 1.88151 0.82
1.01874 1.87306 0.82
1.03104 1.86417 0.82
1.05142 1.86299 0.817
1.03034 1.84922 0.816
1.06606 1.84628 0.816
1.06611 1.84464 0.816
1.11487 1.84107 0.815
1.12041 1.82196 0.815
1.13986 1.81612 0.814
1.17397 1.81349 0.814
1.18738 1.80686 0.814
1.20724 1.8019 0.814
1.22822 1.80143 0.814
1.22325 1.80167 0.814
1.24476 1.79674 0.814
1.24275 1.78861 0.814
1.22205 1.78561 0.814
1.20327 1.78192 0.814
1.20452 1.76458 0.814
1.19554 1.75841 0.814
1.17867 1.75191 0.814
1.20271 1.74122 0.814
1.18039 1.72743 0.814
1.16703 1.72336 0.814
1.15839 1.70183 0.814
1.14529 1.69192 0.814
1.13547 1.68996 0.814
1.12716 1.68194 0.814
1.12964 1.68009 0.813
1.13934 1.67301 0.817
1.10618 1.67254 0.812
1.11599 1.66698 0.812
1.14449 1.66739 0.812
1.16739 1.66909 0.812
1.14482 1.67524 0.812
1.16969 1.66974 0.812
1.19844 1.67382 0.812
1.20331 1.67504 0.812
1.21913 1.66842 0.812
1.24824 1.68164 0.812
1.25413 1.68715 0.812
1.27789 1.6934 0.812
1.27704 1.70527 0.812
1.2899 1.69494 0.812
1.31025 1.71396 0.812
1.30879 1.71996 0.811
1.30809 1.71766 0.81
1.31417 1.70927 0.81
1.3246 1.72987 0.81
1.29614 1.73011 0.809
1.32227 1.69805 0.809
1.3246 1.72626 0.809
1.32936 1.72702 0.808
1.33963 1.72376 0.808
1.34951 1.72723 0.807
1.375 1.72018 0.807
1.37542 1.73615 0.802
1.37296 1.73209 0.802
1.38301 1.74343 0.802
1.39066 1.7515 0.802
1.41296 1.75317 0.806
1.422 1.74782 0.806
1.42815 1.74971 0.806
1.44812 1.74654 0.806
1.43988 1.73482 0.806
1.45204 1.72819 0.81
1.45823 1.71626 0.81
1.45824 1.70505 0.806
1.4584 1.70807 0.81
1.45994 1.69887 0.811
1.46727 1.69748 0.812
1.45455 1.67965 0.812
1.46483 1.69124 0.812
1.43947 1.68527 0.812
1.47807 1.69614 0.811
1.47986 1.68204 0.811
1.48412 1.68435 0.811
1.48539 1.68368 0.811
1.49005 1.68514 0.811
1.48893 1.68823 0.811
1.50455 1.68234 0.811
1.49849 1.68468 0.812
1.50352 1.69498 0.812
1.5068 1.68648 0.812
1.51204 1.69388 0.808
1.52922 1.69674 0.807
1.51818 1.70472 0.807
1.51747 1.70149 0.807
1.54596 1.69957 0.808
1.52704 1.69615 0.809
1.52739 1.69479 0.809
1.53318 1.69568 0.81
1.52802 1.68761 0.81
1.53035 1.68537 0.81
1.54079 1.68612 0.815
1.53955 1.68799 0.81
1.49819 1.68043 0.81
1.5522 1.67911 0.81
1.5164 1.67674 0.811
1.47604 1.66262 0.812
1.52332 1.6467 0.812
1.49181 1.6429 0.812
1.43458 1.6231 0.817
1.4304 1.60506 0.817
1.45233 1.59422 0.817
1.4519 1.5706 0.817
1.45871 1.54867 0.817
1.44718 1.5428 0.812
1.42425 1.52595 0.812
1.44502 1.50963 0.812
1.43863 1.49894 0.812
1.40418 1.47982 0.812
1.40594 1.46263 0.813
1.38164 1.45132 0.817
1.42162 1.39721 0.818
1.37676 1.41371 0.818
1.40909 1.40547 0.818
1.41356 1.39402 0.818
1.41107 1.39345 0.818
1.4003 1.38134 0.818
1.40846 1.37514 0.818
1.45391 1.35644 0.823
1.44402 1.34511 0.821
1.45328 1.33399 0.823
1.49289 1.33756 0.823
1.49225 1.32731 0.823
1.47832 1.30862 0.823
1.49891 1.29249 0.823
1.53306 1.28236 0.823
1.52955 1.28062 0.823
1.54356 1.2633 0.821
1.51934 1.26191 0.821
1.54664 1.24689 0.821
1.50797 1.23523 0.825
1.50828 1.23224 0.825
1.53623 1.22031 0.82
1.51507 1.22737 0.82
1.54861 1.22086 0.819
1.54383 1.218 0.816
1.54773 1.21935 0.816
1.52905 1.22274 0.816
1.54913 1.2236 0.815
1.54308 1.23389 0.815
1.56261 1.21386 0.815
1.54861 1.23098 0.815
1.54299 1.24632 0.815
1.5425 1.24998 0.815
1.53936 1.28662 0.815
1.53615 1.26646 0.815
1.56881 1.31153 0.814
1.57484 1.33003 0.814
1.5954 1.34684 0.814
1.60258 1.37164 0.814
1.62828 1.40036 0.814
1.63806 1.44315 0.814
1.65251 1.49 0.814
1.65851 1.52242 0.815
1.6636 1.56451 0.815
1.67103 1.60261 0.814
1.667 1.63517 0.814
1.68496 1.68168 0.813
1.66912 1.71195 0.812
1.67963 1.72655 0.812
1.68537 1.74422 0.812
1.69684 1.76223 0.811
1.69591 1.77691 0.811
1.71257 1.78665 0.811
1.72517 1.79781 0.811
1.72072 1.81337 0.811
1.73249 1.82586 0.807
1.72311 1.8327 0.807
1.73951 1.83337 0.81
1.74286 1.83531 0.807
1.73479 1.83535 0.806
1.74891 1.84342 0.806
1.7553 1.84272 0.806
1.76427 1.83834 0.806
1.76461 1.83587 0.806
1.77516 1.83792 0.806
1.78023 1.83359 0.806
1.78748 1.82896 0.806
1.787 1.82394 0.806
1.79346 1.81761 0.806
1.80263 1.80359 0.806
1.824 1.79476 0.805
1.79542 1.74381 0.805
1.81193 1.73485 0.807
1.79766 1.69164 0.807
1.80015 1.65908 0.801
1.78765 1.61923 0.801
1.75493 1.57927 0.804
1.78595 1.55542 0.803
1.79734 1.50196 0.803
1.79001 1.47184 0.803
1.80136 1.42919 0.807
1.8071 1.39436 0.807
1.7741 1.36541 0.807
1.78845 1.33345 0.807
1.78934 1.31316 0.807
1.7609 1.31143 0.807
1.76484 1.28703 0.807
1.78456 1.26891 0.807
1.78353 1.26209 0.807
1.80347 1.25545 0.807
1.75895 1.2414 0.807
1.79713 1.24338 0.807
1.80019 1.23371 0.807
1.80938 1.22818 0.807
1.80344 1.2142 0.807
1.80198 1.21746 0.807
1.81422 1.2178 0.807
1.80446 1.21015 0.807
1.81602 1.22617 0.803
1.78919 1.219 0.803
1.78748 1.2145 0.803
1.80677 1.21004 0.803
1.80839 1.21722 0.803
1.80207 1.20167 0.803
1.82446 1.1924 0.804
1.78485 1.19697 0.805
1.75657 1.17904 0.809
1.75888 1.18261 0.809
1.75826 1.18938 0.809
1.73301 1.17824 0.809
1.74146 1.18641 0.809
1.74992 1.17286 0.809
1.75017 1.17358 0.81
1.74309 1.16764 0.809
1.74181 1.15891 0.809
1.76736 1.15679 0.812
1.76907 1.16288 0.812
1.73817 1.18593 0.811
1.75681 1.1997 0.807
1.77117 1.20491 0.807
1.78035 1.23289 0.807
1.78202 1.2455 0.807
1.76772 1.26906 0.808
1.78287 1.28844 0.812
1.78993 1.30405 0.812
1.77119 1.31439 0.812
1.78302 1.33429 0.808
1.8035 1.34636 0.809
1.79588 1.35233 0.809
1.79432 1.37812 0.809
1.80365 1.36934 0.809
1.83084 1.37975 0.808
1.82479 1.38741 0.808
1.82891 1.35211 0.808
1.84025 1.35568 0.809
1.84452 1.31788 0.809
1.84861 1.30732 0.809
1.84228 1.28034 0.808
1.86099 1.26825 0.808
1.8678 1.26375 0.808
1.8856 1.2672 0.808
1.90268 1.25738 0.808
1.90872 1.25865 0.808
1.91614 1.26638 0.808
1.9346 1.27992 0.808
1.94817 1.30574 0.808
1.96492 1.30831 0.803
1.98417 1.33459 0.804
1.98802 1.34764 0.8
1.98314 1.35164 0.804
1.98355 1.36599 0.804
1.99743 1.37613 0.803
2.01176 1.36623 0.79
2.01601 1.37354 0.794
2.00762 1.36549 0.807
2.00019 1.38506 0.81
1.97743 1.38535 0.806
1.97561 1.39692 0.797
1.97811 1.41695 0.786
1.9609 1.41735 0.791
1.9878 1.41264 0.8
1.97438 1.43286 0.773
1.96737 1.43538 0.776
1.9347 1.4248 0.802
1.95375 1.42281 0.807
1.97465 1.42959 0.789
1.95017 1.45014 0.774
1.947 1.44571 0.794
1.94414 1.46835 0.774
1.95917 1.46977 0.774
1.95595 1.48306 0.781
1.96903 1.49401 0.781
1.96866 1.50471 0.782
1.97126 1.50503 0.783
1.98009 1.51767 0.78
1.97507 1.53084 0.78
1.95762 1.53729 0.776
1.95468 1.55237 0.776
1.95408 1.5571 0.781
1.96007 1.57166 0.777
1.93884 1.58658 0.806
1.92225 1.59736 0.806
1.89584 1.6281 0.784
1.88157 1.64559 0.784
1.88434 1.66288 0.786
1.85189 1.67408 0.791
1.86241 1.68309 0.797
1.84105 1.6923 0.797
1.81219 1.70024 0.792
1.79471 1.70793 0.792
1.79213 1.70741 0.805
1.76043 1.71925 0.808
1.77206 1.72094 0.807
1.77242 1.7319 0.807
1.76154 1.7276 0.802
1.75395 1.73102 0.802
1.75066 1.74014 0.798
1.76113 1.73957 0.802
1.74474 1.7486 0.802
1.73481 1.74886 0.803
1.72437 1.75811 0.803
1.73592 1.7517 0.804
1.74405 1.75311 0.805
1.7324 1.74995 0.805
1.73655 1.75548 0.805
1.74971 1.75332 0.804
1.74031 1.75347 0.803
1.74814 1.74808 0.803
1.75414 1.722 0.803
1.71126 1.7394 0.803
1.75172 1.73617 0.803
1.72527 1.73301 0.803
1.72229 1.72314 0.803
1.73718 1.718 0.802
1.68844 1.72405 0.802
1.70183 1.72175 0.802
1.67296 1.7137 0.802
1.7024 1.70159 0.802
1.69001 1.69404 0.801
1.70406 1.70184 0.801
1.70586 1.68448 0.804
1.71582 1.68763 0.804
1.70612 1.69689 0.8
1.72929 1.68909 0.799
1.72577 1.69928 0.799
1.70332 1.70562 0.799
1.69939 1.719 0.794
1.71067 1.72859 0.794
1.68371 1.72279 0.794
1.65252 1.72035 0.794
1.64053 1.72088 0.795
1.62149 1.71279 0.795
1.61971 1.71358 0.795
1.62378 1.72899 0.795
1.61204 1.73422 0.795
1.58951 1.73776 0.796
1.60748 1.74356 0.8
1.60744 1.7448 0.8
1.60547 1.72703 0.804
1.57568 1.7489 0.804
1.56224 1.75058 0.804
1.57379 1.75527 0.804
1.54054 1.73688 0.804
1.53771 1.75607 0.804
1.53473 1.75417 0.8
1.53374 1.76069 0.8
1.49113 1.76149 0.8
1.49993 1.76091 0.8
1.4878 1.75898 0.8
1.4886 1.75909 0.8
1.51781 1.77883 0.795
1.50132 1.78919 0.795
1.54156 1.80216 0.795
1.5571 1.80905 0.795
1.55266 1.82136 0.794
1.53856 1.83261 0.794
1.55877 1.82835 0.794
1.59334 1.83333 0.794
1.61166 1.84324 0.793
1.61583 1.85037 0.793
1.62091 1.85208 0.798
1.6387 1.81703 0.798
1.65029 1.80907 0.798
1.62927 1.79332 0.801
1.63831 1.79037 0.801
1.63625 1.76386 0.801
1.62628 1.74833 0.802
1.62052 1.74369 0.798
1.60275 1.72537 0.793
1.61671 1.73624 0.789
1.61374 1.75325 0.784
1.62357 1.76231 0.779
1.62785 1.77337 0.773
1.65199 1.78033 0.773
1.67386 1.7951 0.772
1.68702 1.79694 0.771
1.69552 1.81439 0.774
1.70097 1.832 0.782
1.70558 1.8136 0.794
1.69403 1.80722 0.799
1.70078 1.8002 0.782
1.68975 1.80867 0.785
1.70277 1.80625 0.793
1.6868 1.80239 0.798
1.72132 1.82837 0.768
1.7308 1.82724 0.768
1.72472 1.82166 0.786
1.7387 1.82187 0.773
1.74214 1.84212 0.773
1.74226 1.84545 0.781
1.72826 1.85514 0.771
1.73515 1.85191 0.773
1.71027 1.85253 0.773
1.70551 1.85442 0.774
1.68489 1.86989 0.799
1.66777 1.8459 0.802
1.68909 1.86847 0.798
1.66569 1.85411 0.798
1.67055 1.86169 0.772
1.67153 1.87658 0.771
1.67504 1.88627 0.785
1.66782 1.87652 0.776
1.66077 1.88361 0.78
1.66259 1.90077 0.774
1.6451 1.89353 0.772
1.66095 1.90733 0.771
1.66046 1.90661 0.763
1.63988 1.90152 0.774
1.61112 1.90045 0.773
1.6115 1.90694 0.768
1.61118 1.91006 0.764
1.59928 1.9147 0.764
1.59508 1.9307 0.758
1.59221 1.95451 0.758
1.59518 1.96776 0.762
1.59342 1.98016 0.762
1.58628 1.99624 0.761
1.57721 2.00479 0.765
1.55836 2.01416 0.777
1.55448 1.98251 0.785
1.54327 1.98658 0.789
1.53876 1.98675 0.784
1.52195 1.9752 0.784
1.52564 1.9673 0.789
1.50032 1.94014 0.807
1.49496 1.93257 0.807
1.49126 1.92809 0.803
1.46771 1.93054 0.803
1.45824 1.9292 0.803
1.44534 1.91885 0.803
1.44333 1.91712 0.802
1.46245 1.91422 0.802
1.44776 1.91368 0.802
1.42773 1.90253 0.802
1.43285 1.8773 0.785
1.4454 1.87456 0.781
1.4593 1.87266 0.772
1.46487 1.87459 0.768
1.4656 1.90649 0.759
1.4936 1.91939 0.759
1.50618 1.93845 0.759
1.50154 1.95609 0.759
1.5136 1.96999 0.759
1.53485 1.98807 0.763
1.54939 1.99808 0.763
1.55308 2.01204 0.759
1.56143 2.00459 0.763
1.57102 2.011 0.771
1.55395 1.99484 0.798
1.57589 2.01038 0.773
1.58334 1.99074 0.796
1.56728 1.98415 0.796
1.58698 1.9775 0.775
1.59807 1.97492 0.78
1.58657 1.97714 0.781
1.57611 1.98452 0.776
1.58861 1.98499 0.773
1.58009 1.98712 0.773
1.57036 1.99528 0.773
1.54518 2.00665 0.776
1.53672 1.98667 0.781
1.52606 1.99467 0.781
1.5157 1.99017 0.78
1.51115 1.99008 0.794
1.48467 1.96539 0.78
1.49033 1.97513 0.779
1.46843 1.95841 0.784
1.46985 1.96621 0.78
1.46316 1.96077 0.776
1.45792 1.96494 0.776
1.43699 1.95239 0.781
1.45359 1.9498 0.781
1.44029 1.94761 0.784
1.43181 1.94088 0.784
1.43392 1.93802 0.783
1.45089 1.93203 0.782
1.44919 1.92352 0.777
1.46382 1.90936 0.777
1.48179 1.89924 0.777
1.46805 1.88454 0.777
1.51526 1.87825 0.777
1.511 1.86 0.781
1.51922 1.84324 0.781
1.52911 1.83257 0.782
1.53239 1.80271 0.782
1.53441 1.78436 0.785
1.54211 1.77438 0.785
1.54939 1.76013 0.785
1.5605 1.75167 0.789
1.56672 1.73199 0.789
1.56355 1.72265 0.792
1.57086 1.71291 0.792
1.58433 1.707 0.792
1.56796 1.69972 0.788
1.57305 1.69386 0.783
1.57766 1.68871 0.783
1.601 1.69498 0.782
1.60822 1.69747 0.778
1.63362 1.68697 0.777
1.63411 1.70142 0.777
1.60557 1.69264 0.777
1.64673 1.69534 0.777
1.6581 1.69647 0.777
1.66049 1.70706 0.777
1.67097 1.69909 0.773
1.68301 1.71057 0.773
1.67667 1.71391 0.773
1.69027 1.69491 0.777
1.67915 1.69299 0.773
1.67919 1.70803 0.773
1.69648 1.70088 0.777
1.66095 1.70354 0.777
1.66991 1.6721 0.777
1.70052 1.68783 0.773
1.69954 1.66532 0.777
1.69856 1.65584 0.778
1.70265 1.67952 0.778
1.70871 1.6716 0.778
1.70754 1.66765 0.777
1.68951 1.67666 0.774
1.68332 1.67417 0.777
1.69822 1.67416 0.774
1.67311 1.66793 0.777
1.65274 1.66696 0.778
1.6106 1.65756 0.778
1.59952 1.66128 0.778
1.55607 1.64788 0.779
1.47173 1.63865 0.779
1.44137 1.64885 0.779
1.37879 1.64251 0.779
1.35875 1.63939 0.78
1.28499 1.62337 0.78
1.23682 1.63376 0.784
1.23618 1.61229 0.784
1.21632 1.6058 0.781
1.2027 1.59509 0.781
1.18132 1.60669 0.781
1.184 1.60793 0.785
1.16051 1.61537 0.785
1.16423 1.60417 0.785
1.17263 1.62319 0.781
1.15145 1.62681 0.785
1.1563 1.6297 0.781
1.14601 1.62733 0.785
1.1397 1.62975 0.785
1.12644 1.63107 0.785
1.14381 1.61638 0.784
1.13884 1.62222 0.784
1.12384 1.62819 0.784
1.12705 1.64919 0.784
1.12929 1.65909 0.784
1.12193 1.67147 0.784
1.10566 1.6853 0.784
1.10896 1.69524 0.781
1.11513 1.70755 0.78
1.10819 1.72096 0.779
1.11906 1.73759 0.776
1.11991 1.75686 0.775
1.12349 1.76439 0.772
1.11118 1.77623 0.769
1.122 1.79354 0.764
1.07663 1.79299 0.762
1.07685 1.79249 0.757
1.0483 1.79538 0.755
1.01609 1.8146 0.751
1.00425 1.83304 0.749
1.00004 1.83685 0.742
0.993365 1.85302 0.74
0.995595 1.85862 0.737
0.995991 1.86674 0.735
1.01725 1.88352 0.727
1.03171 1.8934 0.725
1.05134 1.91041 0.724
1.07013 1.91577 0.723
1.09467 1.93445 0.722
1.10067 1.94167 0.722
1.12278 1.94927 0.723
1.1261 1.96355 0.723
1.14491 1.95643 0.722
1.15661 1.96119 0.722
1.20239 1.96775 0.718
1.21311 1.96514 0.716
1.23906 1.96019 0.715
1.25601 1.95458 0.719
1.22586 1.91795 0.755
1.25023 1.92766 0.731
1.25019 1.92647 0.759
1.21676 1.92039 0.734
1.23798 1.90743 0.735
1.22882 1.89407 0.742
1.21733 1.89586 0.739
1.21593 1.88632 0.738
1.20444 1.87785 0.741
1.21269 1.85317 0.749
1.19562 1.83438 0.746
1.21494 1.83735 0.737
1.20843 1.8128 0.754
1.20677 1.80476 0.746
1.21781 1.80078 0.74
1.22648 1.80919 0.73
1.23117 1.81431 0.728
1.23823 1.80635 0.732
1.23671 1.80846 0.743
1.21731 1.80221 0.747
1.18422 1.80402 0.734
1.20627 1.79898 0.729
1.20854 1.80466 0.724
1.2012 1.80203 0.724
1.18758 1.80528 0.724
1.19002 1.80277 0.724
1.18592 1.79916 0.724
1.19663 1.79483 0.728
1.17459 1.80075 0.727
1.17122 1.78921 0.727
1.18746 1.80457 0.725
1.17844 1.80818 0.725
1.16242 1.81034 0.725
1.17534 1.81779 0.725
1.17348 1.82126 0.73
1.18618 1.83215 0.729
1.20545 1.84067 0.729
1.20412 1.84652 0.729
1.19253 1.84932 0.729
1.20878 1.8607 0.729
1.20625 1.84918 0.73
1.17555 1.84592 0.73
1.17591 1.82735 0.727
1.16958 1.83043 0.727
1.17424 1.82522 0.725
1.12618 1.84942 0.725
1.13121 1.84306 0.727
1.10872 1.84621 0.725
1.1071 1.85065 0.725
1.09901 1.85618 0.725
1.11292 1.85534 0.725
1.11216 1.85768 0.725
1.10807 1.85965 0.725
1.10954 1.8676 0.725
1.12504 1.85327 0.725
1.11274 1.85593 0.725
1.1135 1.86547 0.729
1.09968 1.86227 0.729
1.08425 1.8674 0.724
1.08763 1.86002 0.724
1.05962 1.856 0.724
1.04931 1.85431 0.724
1.02865 1.86541 0.729
1.02673 1.85509 0.729
1.02259 1.84403 0.729
1.01562 1.85551 0.729
1.00543 1.86166 0.728
0.991215 1.84873 0.727
0.989396 1.83188 0.722
0.997401 1.82798 0.724
0.994764 1.8114 0.728
0.99554 1.80953 0.727
1.00872 1.81483 0.759
0.997579 1.78412 0.755
1.00852 1.77997 0.75
1.0513 1.78094 0.75
1.095 1.79383 0.716
1.12266 1.80672 0.723
1.14225 1.81178 0.736
1.16699 1.82238 0.732
1.14609 1.80772 0.736
1.17692 1.82112 0.736
1.18642 1.83123 0.735
1.20293 1.82393 0.735
1.21044 1.82664 0.742
1.21755 1.82987 0.742
1.22647 1.8208 0.738
1.24066 1.83478 0.731
1.25072 1.83205 0.764
1.2202 1.81369 0.765
1.20536 1.83218 0.755
1.21737 1.82271 0.746
1.21558 1.82849 0.74
1.19863 1.82966 0.742
1.17549 1.82459 0.747
1.14547 1.80591 0.75
1.12916 1.82709 0.74
1.11186 1.83073 0.735
1.09762 1.83593 0.733
1.10048 1.83552 0.733
1.0829 1.83917 0.737
1.05724 1.84475 0.738
1.06874 1.83616 0.738
1.05627 1.83628 0.738
1.04333 1.84273 0.738
1.04787 1.83929 0.739
1.00943 1.8616 0.74
0.997667 1.87294 0.74
0.974367 1.8804 0.74
0.951745 1.88015 0.74
0.929381 1.87635 0.74
0.912718 1.86716 0.745
0.898169 1.87885 0.744
0.892643 1.87611 0.747
0.893034 1.87576 0.748
0.904211 1.8696 0.748
0.892243 1.86005 0.754
0.919162 1.84481 0.772
0.905918 1.84108 0.754
0.926475 1.84236 0.741
0.952577 1.84441 0.74
0.968532 1.83711 0.74
0.985953 1.85523 0.737
1.00729 1.86553 0.74
1.02297 1.88379 0.739
1.04651 1.88158 0.739
1.04395 1.87693 0.738
1.05005 1.88361 0.741
1.06754 1.87923 0.74
1.04439 1.876 0.74
1.03456 1.87625 0.739
1.04119 1.87425 0.74
1.03645 1.87691 0.739
1.05474 1.88984 0.739
1.05673 1.86899 0.74
1.04615 1.89083 0.74
1.02637 1.88782 0.745
0.992611 1.84975 0.745
0.959819 1.85549 0.748
0.95381 1.87262 0.748
0.935544 1.87211 0.744
0.952915 1.8931 0.744
0.948799 1.91791 0.739
0.952687 1.9118 0.739
0.960688 1.91471 0.739
0.969194 1.91497 0.739
0.983053 1.9154 0.74
0.990359 1.91895 0.74
0.992579 1.92644 0.74
0.99863 1.9291 0.74
0.999065 1.92282 0.739
0.996259 1.92798 0.739
0.99183 1.94301 0.733
0.991856 1.94642 0.733
0.99577 1.9492 0.727
0.996551 1.95219 0.727
0.999517 1.96016 0.722
1.00461 1.93796 0.737
0.955713 1.91431 0.75
0.965328 1.91643 0.746
0.958882 1.90028 0.754
0.938574 1.89083 0.757
0.937678 1.87656 0.753
0.937581 1.88525 0.748
0.932169 1.8772 0.748
0.929129 1.87996 0.739
0.937067 1.88693 0.738
0.938049 1.90147 0.741
0.931228 1.89698 0.742
0.91299 1.89223 0.741
0.912763 1.89317 0.756
0.911403 1.88978 0.733
0.906303 1.86194 0.745
0.880562 1.84613 0.753
0.859815 1.83449 0.75
0.847806 1.83934 0.733
0.84894 1.82518 0.731
0.863009 1.83464 0.731
0.862151 1.82776 0.738
0.864537 1.82207 0.738
0.868224 1.81756 0.732
0.870509 1.82213 0.728
0.864052 1.82716 0.728
0.860656 1.83132 0.731
0.865129 1.8282 0.73
0.889225 1.83423 0.729
0.894538 1.83113 0.731
0.9054 1.84329 0.73
0.917255 1.844 0.729
0.925577 1.85422 0.728
0.9408 1.85009 0.731
0.945399 1.85935 0.731
0.952806 1.87273 0.731
0.960831 1.8713 0.73
0.983638 1.89031 0.729
0.992817 1.89184 0.729
1.00262 1.89728 0.724
1.02044 1.91197 0.722
1.03176 1.92235 0.721
1.04146 1.9264 0.721
1.05117 1.93354 0.721
1.06072 1.94045 0.72
1.07259 1.94865 0.716
1.08052 1.95718 0.717
1.08696 1.94331 0.722
1.08835 1.95646 0.722
1.09614 1.96131 0.722
1.07596 1.9605 0.722
1.07281 1.9626 0.723
1.06933 1.97123 0.723
1.06374 1.97616 0.723
1.05937 1.98352 0.723
1.05054 1.9893 0.722
1.04706 1.99112 0.722
1.04278 1.99797 0.722
1.03862 1.9958 0.722
1.03519 1.99466 0.727
1.02659 1.98848 0.727
1.02253 1.98995 0.728
1.01738 1.98763 0.728
1.01189 1.98512 0.729
1.01336 1.98699 0.729
1.00983 1.98871 0.73
1.00769 1.99485 0.73
1.00188 1.98228 0.73
0.998225 1.98988 0.729
0.990793 1.98174 0.729
0.98898 1.98233 0.732
0.985557 1.9821 0.732
0.987898 1.97141 0.733
0.986658 1.97476 0.728
0.990418 1.98244 0.728
1.00738 1.97942 0.728
1.01206 1.96941 0.73
1.00606 1.97242 0.729
1.00996 1.96752 0.729
1.01723 1.96132 0.73
1.01451 1.95462 0.728
1.016 1.95237 0.729
1.00782 1.95415 0.732
1.00621 1.95595 0.732
0.998534 1.95258 0.732
0.994618 1.95561 0.732
0.985321 1.95293 0.732
0.980378 1.95559 0.728
0.974425 1.95602 0.728
0.969464 1.95949 0.731
0.955923 1.95524 0.731
0.949899 1.95218 0.731
0.943782 1.9481 0.731
0.931621 1.94494 0.728
0.915345 1.95421 0.729
0.900818 1.95129 0.729
0.890433 1.95797 0.729
0.873815 1.94155 0.729
0.869156 1.95853 0.729
0.862165 1.95679 0.729
0.871422 1.96622 0.733
0.865 1.94874 0.733
0.869551 1.94779 0.733
0.877636 1.94312 0.732
0.874003 1.93188 0.732
0.851641 1.93978 0.733
0.852548 1.92803 0.728
0.847381 1.93725 0.728
0.82853 1.94394 0.728
0.802141 1.96948 0.728
0.78394 1.98437 0.731
0.77846 1.98953 0.732
0.764248 1.99769 0.732
0.747438 2.00809 0.732
0.74365 2.02411 0.732
0.735196 2.01533 0.732
0.727398 2.01706 0.732
0.72796 2.02007 0.728
0.747619 2.02037 0.728
0.749835 2.02399 0.724
0.759103 2.03452 0.724
0.766333 2.03886 0.723
0.796988 2.04546 0.72
0.81488 2.04915 0.722
0.834086 2.04752 0.722
0.850278 2.04985 0.717
0.867235 2.0539 0.715
0.881825 2.04327 0.714
0.894318 2.04744 0.716
0.897811 2.05246 0.727
0.853381 2.00814 0.757
0.869318 2.02243 0.731
0.851705 1.9985 0.739
0.842196 1.99131 0.728
0.83589 1.98567 0.723
0.822784 1.975 0.723
0.814756 1.98385 0.723
0.807692 1.9846 0.716
0.800699 1.99268 0.734
0.828596 1.99673 0.723
0.831172 2.0001 0.756
0.836047 1.99261 0.742
0.833372 1.99244 0.729
0.847023 2.00508 0.72
0.850879 1.99043 0.722
0.839435 2.00306 0.731
0.837136 2.01081 0.725
0.842889 2.01641 0.713
0.850528 2.02441 0.712
0.852208 2.03401 0.716
0.850819 2.03313 0.717
0.857909 2.04613 0.717
0.860199 2.04304 0.717
0.879639 2.04587 0.718
0.886184 2.05089 0.722
0.893254 2.04692 0.722
0.895358 2.03232 0.725
0.900481 2.01901 0.727
0.880876 2.00552 0.727
0.878563 2.02091 0.727
0.843589 2.02016 0.727
0.804132 2.02238 0.727
0.76378 2.01235 0.728
0.760142 2.00604 0.736
0.732022 1.99632 0.739
0.712346 1.99288 0.731
0.673251 1.98851 0.727
0.644245 1.97996 0.728
0.626999 1.99734 0.724
0.605789 2.007 0.724
0.572159 2.008 0.724
0.553292 2.01381 0.724
0.534956 2.01599 0.724
0.539384 2.01278 0.724
0.53647 2.01699 0.724
0.531137 2.01514 0.724
0.528845 2.02644 0.721
0.551532 2.03571 0.724
0.557856 2.04601 0.724
0.563611 2.05854 0.724
0.571458 2.06127 0.721
0.601231 2.0784 0.721
0.608105 2.06704 0.724
0.618816 2.07908 0.721
0.640352 2.08004 0.721
0.648075 2.07943 0.724
0.657828 2.06067 0.724
0.671249 2.06278 0.721
0.680036 2.07074 0.721
0.684038 2.06946 0.719
0.696872 2.04978 0.714
0.703817 2.05789 0.708
0.709981 2.047 0.716
0.659708 2.0349 0.764
0.633601 2.01506 0.759
0.617932 2.01535 0.738
0.597164 2.00965 0.732
0.613429 2.0037 0.735
0.601827 1.98673 0.735
0.596906 1.98096 0.737
0.595249 1.9747 0.731
0.595348 1.96592 0.728
0.584771 1.95737 0.734
0.581592 1.95073 0.756
0.523361 1.92759 0.76
0.523305 1.92864 0.763
0.48794 1.90493 0.763
0.471175 1.89713 0.744
0.473747 1.9014 0.743
0.472153 1.89267 0.741
0.475486 1.90519 0.74
0.475191 1.89426 0.743
0.468202 1.88127 0.746
0.474285 1.87797 0.746
0.474265 1.87605 0.741
0.481491 1.86571 0.74
0.485264 1.87135 0.739
0.488266 1.86703 0.74
0.490251 1.85362 0.74
0.49656 1.84989 0.737
0.499458 1.85495 0.737
0.502271 1.84141 0.737
0.512123 1.84548 0.74
0.519346 1.84759 0.74
0.532123 1.8437 0.739
0.547074 1.84402 0.738
0.555898 1.83441 0.737
0.566096 1.83852 0.737
0.555989 1.82648 0.736
0.559197 1.83726 0.735
0.560637 1.83113 0.735
0.555733 1.82354 0.734
0.547893 1.81836 0.734
0.545531 1.82544 0.734
0.542156 1.82015 0.738
0.513126 1.83007 0.737
0.5045 1.82207 0.737
0.49485 1.83628 0.732
0.483674 1.84293 0.731
0.474644 1.83393 0.736
0.460901 1.83605 0.736
0.452324 1.82205 0.732
0.44423 1.81127 0.731
0.436517 1.79784 0.731
0.421097 1.78536 0.731
0.413231 1.78341 0.731
0.389757 1.77989 0.731
0.378372 1.76748 0.735
0.367327 1.75859 0.735
0.356128 1.75624 0.735
0.346562 1.76536 0.731
0.338346 1.75681 0.735
0.330808 1.74825 0.735
0.324104 1.76811 0.735
0.318185 1.76231 0.735
0.312901 1.76651 0.735
0.308188 1.77711 0.735
0.304 1.78844 0.735
0.300271 1.78798 0.733
0.29695 1.78977 0.732
0.293994 1.79868 0.731
0.291363 1.79065 0.734
0.28902 1.80427 0.733
0.286935 1.79352 0.723
0.285078 1.80162 0.719
0.283426 1.81399 0.71
0.281955 1.82242 0.713
0.280645 1.81869 0.711
0.279479 1.80002 0.739
0.278441 1.82886 0.722
0.277517 1.8216 0.722
0.276694 1.82039 0.736
0.275962 1.80611 0.734
0.27531 1.80136 0.733
0.27473 1.79678 0.729
0.274213 1.79102 0.729
0.273753 1.79098 0.728
0.273344 1.77932 0.727
0.272979 1.79866 0.715
0.272655 1.77997 0.734
0.272366 1.77024 0.738
0.272109 1.74509 0.759
0.27188 1.73771 0.755
0.271676 1.74025 0.745
0.271495 1.73316 0.756
0.271333 1.71454 0.764
0.24353 1.69243 0.748
0.237018 1.72262 0.732
0.229048 1.71831 0.744
0.219278 1.72267 0.756
0.211543 1.72461 0.76
0.202324 1.7303 0.765
0.18064 1.74597 0.749
0.170972 1.75226 0.74
0.168195 1.76482 0.741
0.159609 1.77249 0.746
0.153088 1.76159 0.747
0.148217 1.79244 0.742
0.143394 1.80625 0.742
0.138991 1.81463 0.738
0.135236 1.80595 0.738
0.131866 1.80712 0.738
0.128835 1.80571 0.738
0.126152 1.80074 0.738
0.123767 1.79887 0.734
0.121639 1.77777 0.738
0.119745 1.77209 0.738
0.11806 1.75351 0.739
0.11656 1.7536 0.739
0.115224 1.73872 0.739
0.114035 1.74204 0.739
0.112976 1.74169 0.739
0.0886912 1.7639 0.739
0.0824654 1.7728 0.738
0.0750887 1.77248 0.739
0.066264 1.80288 0.742
0.0592204 1.80135 0.742
0.0753512 1.80528 0.742
0.0748444 1.81283 0.742
0.0761456 1.81664 0.741
0.0795097 1.81074 0.746
0.0817101 1.80883 0.749
0.0832556 1.81945 0.737
0.0849964 1.83123 0.731
0.0865214 1.82383 0.738
0.0878009 1.82444 0.731
0.0889687 1.83069 0.732
0.112034 1.84081 0.736
0.118038 1.84497 0.74
0.125115 1.83564 0.748
0.133546 1.82734 0.757
0.140284 1.82469 0.74
0.14588 1.82437 0.74
0.151216 1.81667 0.739
0.155943 1.82322 0.742
0.160074 1.82184 0.738
0.163781 1.81526 0.746
0.16709 1.82393 0.767
0.170027 1.80806 0.767
0.172641 1.80986 0.764
0.174971 1.78315 0.765
0.177044 1.76725 0.774
0.178889 1.75109 0.771
0.180532 1.76272 0.758
0.181995 1.74583 0.763
0.183297 1.74305 0.767
0.184456 1.73996 0.767
0.185488 1.72399 0.763
0.186407 1.71402 0.764
0.187224 1.71839 0.764
0.187952 1.72682 0.764
0.1886 1.72268 0.764
0.189177 1.73792 0.764
0.0252331 1.74178 0.761
0.0192208 1.74242 0.761
-0.019817 1.73517 0.762
-0.0680021 1.71713 0.762
-0.102129 1.71124 0.767
-0.130595 1.70702 0.768
-0.159162 1.69704 0.772
-0.183906 1.70139 0.768
-0.205403 1.71035 0.763
-0.224856 1.71764 0.762
-0.242213 1.72936 0.757
-0.257572 1.75353 0.757
-0.271265 1.77691 0.757
-0.283471 1.80034 0.757
-0.294327 1.82502 0.758
-0.30399 1.83217 0.758
-0.121627 1.8645 0.759
-0.0852177 1.8853 0.76
-0.0377968 1.90466 0.759
0.0228891 1.93019 0.759
0.070267 1.94784 0.759
0.108949 1.96314 0.76
0.146461 1.98083 0.76
0.179646 1.99908 0.761
0.208531 2.01154 0.762
0.234487 2.00682 0.763
0.257687 2.02101 0.764
0.45446 2.02196 0.765
0.513435 2.02736 0.766
0.591466 2.04185 0.767
0.672777 2.04436 0.769
0.738294 2.0496 0.772
0.794721 2.05515 0.78
0.847629 2.05933 0.782
0.894234 2.06298 0.786
0.93526 2.05129 0.789
0.972032 2.03444 0.796
1.00481 2.01411 0.8
1.03391 1.98846 0.807
1.05984 1.96356 0.811
1.08293 1.93988 0.819
0.698783 1.90125 0.823
0.623683 1.88102 0.832
0.525027 1.84159 0.835
0.398057 1.8261 0.838
0.299109 1.83675 0.844
0.218431 1.82736 0.846
0.291061 1.8295 0.846
0.258964 1.83056 0.846
0.242088 1.83149 0.846
0.253215 1.81952 0.846
0.243002 1.83256 0.846
0.236849 1.83004 0.842
0.234342 1.82062 0.837
0.230843 1.81744 0.838
0.227251 1.81734 0.835
0.224563 1.81719 0.834
0.222114 1.81865 0.83
0.21983 1.82027 0.833
0.217841 1.82926 0.837
0.216083 1.81927 0.84
0.239996 1.81804 0.842
0.244474 1.82231 0.843
0.228492 1.82668 0.843
0.202286 1.82921 0.85
0.195423 1.81895 0.851
0.151236 1.82082 0.852
0.119206 1.81293 0.855
0.0980176 1.81332 0.856
0.0818117 1.8105 0.864
0.0525159 1.79933 0.864
0.050538 1.79245 0.864
0.033087 1.79711 0.869
0.027187 1.78067 0.869
0.00335737 1.80277 0.868
0.00145756 1.79663 0.872
-0.0187745 1.80635 0.871
-0.0218926 1.81102 0.871
-0.0430882 1.81602 0.865
-0.0485762 1.81706 0.865
-0.0570098 1.82606 0.864
-0.0722384 1.82778 0.868
-0.0938532 1.83088 0.869
-0.120402 1.83485 0.867
-0.144345 1.83757 0.867
-0.153491 1.83417 0.867
-0.163825 1.84377 0.86
-0.147068 1.84321 0.859
-0.140222 1.85045 0.859
-0.137864 1.85395 0.858
-0.109167 1.85704 0.859
-0.0915272 1.85445 0.859
-0.0601613 1.86166 0.855
-0.0348036 1.86652 0.855
-0.0154354 1.86895 0.851
0.0152794 1.87491 0.851
0.0535523 1.86561 0.85
0.0860227 1.87939 0.85
0.10753 1.87633 0.853
0.131182 1.86773 0.855
0.145306 1.8776 0.853
0.14187 1.86439 0.852
0.119959 1.8584 0.852
0.119188 1.86155 0.852
0.114247 1.85419 0.852
0.029214 1.85227 0.852
0.0078805 1.83585 0.847
-0.0113997 1.85491 0.846
-0.0394821 1.83656 0.845
-0.0532972 1.83352 0.845
-0.0555191 1.82534 0.84
-0.0469995 1.84641 0.838
-0.0300859 1.85015 0.834
-0.00297503 1.86511 0.834
0.00897959 1.87713 0.834
0.0225532 1.88025 0.837
0.0360017 1.89237 0.834
0.0470818 1.897 0.838
0.0493017 1.90532 0.838
0.0591826 1.90854 0.838
0.0741828 1.9139 0.837
0.0738801 1.91816 0.837
0.0956228 1.92176 0.836
0.0900992 1.91161 0.836
0.103525 1.9151 0.835
0.13188 1.91757 0.835
0.148895 1.91971 0.835
0.178959 1.92426 0.838
0.1974 1.91821 0.838
0.228696 1.90329 0.843
0.254807 1.91985 0.838
0.279058 1.90486 0.839
0.292668 1.90642 0.845
0.309838 1.89212 0.847
0.302369 1.87998 0.868
0.306288 1.87093 0.87
0.283686 1.83981 0.874
0.275576 1.82984 0.877
0.265423 1.81438 0.88
0.256294 1.79269 0.883
0.247103 1.77868 0.884
0.253534 1.77358 0.881
0.258901 1.77836 0.88
0.257692 1.7624 0.878
0.260537 1.76311 0.877
0.263756 1.76175 0.878
0.286699 1.76083 0.883
0.298476 1.77628 0.879
0.302274 1.76538 0.878
0.334148 1.77198 0.878
0.347922 1.77519 0.88
0.344835 1.76488 0.88
0.356021 1.76156 0.879
0.358373 1.75727 0.878
0.352281 1.75505 0.881
0.334271 1.74496 0.881
0.330113 1.72792 0.88
0.297656 1.71489 0.88
0.260817 1.69016 0.882
0.267385 1.68941 0.879
0.25259 1.68594 0.874
0.246532 1.6989 0.873
0.248426 1.70598 0.872
0.265757 1.71047 0.871
0.275268 1.72866 0.87
0.294179 1.72752 0.871
0.313288 1.73143 0.87
0.32343 1.74722 0.863
0.286288 1.73368 0.867
0.285922 1.74435 0.867
0.284495 1.75127 0.862
0.257572 1.75341 0.862
0.218654 1.76888 0.858
0.230026 1.75394 0.858
0.224514 1.78008 0.857
0.237994 1.77825 0.856
0.237184 1.7861 0.856
0.24199 1.79381 0.856
0.252357 1.79898 0.856
0.269948 1.80656 0.856
0.25968 1.80618 0.864
0.248224 1.81832 0.868
0.226923 1.80265 0.868
0.218348 1.794 0.871
0.196079 1.80563 0.872
0.190449 1.78531 0.872
0.193506 1.7856 0.87
0.197522 1.79127 0.87
0.206406 1.79401 0.859
0.22753 1.79133 0.863
0.232268 1.77813 0.855
0.223805 1.79176 0.869
0.225109 1.78326 0.883
0.228526 1.78183 0.888
0.256856 1.80445 0.862
0.270275 1.80053 0.867
0.273089 1.80825 0.867
0.283635 1.79952 0.869
0.267765 1.79042 0.893
0.262668 1.78545 0.89
0.285982 1.79124 0.861
0.293988 1.78997 0.861
0.29424 1.791 0.88
0.291221 1.7944 0.88
0.290973 1.79178 0.885
0.288637 1.7864 0.885
0.282958 1.78256 0.872
0.299542 1.8073 0.863
0.315818 1.81064 0.861
0.317709 1.80557 0.857
0.3264 1.81426 0.854
0.339418 1.81841 0.851
0.340785 1.80916 0.853
0.342907 1.80813 0.852
0.349412 1.82462 0.854
0.350501 1.81677 0.859
0.352661 1.80986 0.875
0.355075 1.81498 0.88
0.337058 1.80536 0.886
0.337343 1.79998 0.88
0.347952 1.811 0.879
0.348668 1.80006 0.877
0.351939 1.78912 0.881
0.35317 1.79088 0.883
0.35735 1.78241 0.866
0.381737 1.79435 0.859
0.396372 1.79972 0.855
0.411145 1.79582 0.849
0.42604 1.81001 0.843
0.442458 1.81152 0.843
0.43617 1.81538 0.837
0.461598 1.83126 0.838
0.458689 1.82922 0.838
0.463697 1.83342 0.837
0.45697 1.8349 0.837
0.464198 1.8458 0.837
0.439352 1.84288 0.837
0.434119 1.84612 0.833
0.429468 1.85466 0.836
0.427478 1.85757 0.837
0.42509 1.87353 0.835
0.422604 1.88011 0.835
0.41407 1.87455 0.836
0.416283 1.89285 0.836
0.407466 1.89854 0.836
0.403782 1.89772 0.836
0.400751 1.90822 0.836
0.397338 1.90759 0.836
0.400922 1.91218 0.841
0.394319 1.91546 0.841
0.392602 1.91794 0.836
0.396906 1.92379 0.836
0.396255 1.92124 0.836
0.396193 1.92492 0.837
0.39689 1.93021 0.845
0.355444 1.89478 0.885
0.3637 1.88834 0.881
0.356197 1.88018 0.881
0.369115 1.85911 0.878
0.375516 1.8602 0.853
0.396782 1.84912 0.846
0.413832 1.84602 0.848
0.401405 1.83281 0.848
0.430532 1.81946 0.849
0.435638 1.80476 0.853
0.441982 1.78792 0.858
0.401885 1.75299 0.889
0.388853 1.7408 0.888
0.37955 1.74691 0.885
0.36122 1.72313 0.885
0.382016 1.72189 0.855
0.372958 1.73369 0.851
0.362025 1.73241 0.845
0.355222 1.72573 0.85
0.358481 1.71737 0.846
0.35116 1.72991 0.845
0.347812 1.72099 0.844
0.345578 1.69897 0.843
0.342851 1.68419 0.843
0.435828 1.6746 0.842
0.411387 1.64215 0.846
0.426402 1.62348 0.846
0.445473 1.56292 0.846
0.410567 1.55776 0.847
0.426883 1.51706 0.847
0.428149 1.50054 0.847
0.425618 1.45775 0.844
0.426407 1.42507 0.844
0.427552 1.39129 0.844
0.36271 1.35445 0.85
0.35537 1.33694 0.848
0.341383 1.32987 0.848
0.322759 1.33614 0.844
0.312069 1.33169 0.844
0.301511 1.32482 0.843
0.291234 1.33168 0.844
0.249664 1.32854 0.849
0.234441 1.31712 0.847
0.218151 1.32939 0.847
0.200495 1.32939 0.849
0.18595 1.32079 0.88
0.0317507 1.31883 0.879
0.0608724 1.33528 0.866
0.0708292 1.3458 0.842
0.0506071 1.34788 0.835
0.0455849 1.35203 0.834
0.045541 1.3411 0.832
0.042959 1.35445 0.831
0.0408823 1.3408 0.83
0.0394108 1.3514 0.83
0.0379927 1.35713 0.83
0.0366481 1.37421 0.831
0.0355112 1.38958 0.83
0.0344981 1.3953 0.83
0.0335826 1.39974 0.831
0.0920354 1.40695 0.83
0.104992 1.42855 0.831
0.120009 1.42813 0.83
0.139884 1.43586 0.83
0.155422 1.4198 0.829
0.168056 1.41526 0.829
0.180299 1.4089 0.828
0.191155 1.41581 0.828
0.200596 1.40621 0.827
0.209077 1.40377 0.823
0.21666 1.43752 0.823
0.0973672 1.44603 0.823
0.0742715 1.45152 0.821
0.0438149 1.47153 0.82
0.00451088 1.50089 0.829
-0.0260939 1.481 0.828
-0.0510317 1.51314 0.817
-0.0230855 1.49173 0.831
-0.0324773 1.51303 0.817
-0.0363046 1.53665 0.827
0.00762024 1.51886 0.797
0.0312046 1.56744 0.791
0.0451779 1.57105 0.849
0.0636872 1.55299 0.843
0.0800046 1.61597 0.777
0.0930803 1.60878 0.779
0.10521 1.56353 0.849
0.116215 1.5974 0.853
0.125827 1.56405 0.855
0.13439 1.5578 0.851
0.142057 1.55514 0.856
0.110562 1.55415 0.855
0.107779 1.56221 0.831
0.102297 1.56354 0.844
0.0937116 1.55513 0.826
0.0874003 1.55204 0.854
0.0824833 1.55287 0.847
0.0774892 1.55487 0.844
0.0730852 1.53919 0.853
0.0692962 1.53542 0.847
0.0658748 1.51908 0.855
0.121407 1.51734 0.858
0.118512 1.52875 0.858
0.114242 1.50844 0.849
0.125141 1.51185 0.852
0.124411 1.50854 0.858
0.12555 1.50691 0.858
0.125486 1.50914 0.839
0.151026 1.52324 0.835
0.194816 1.53404 0.83
0.183736 1.5481 0.829
0.225465 1.54287 0.828
0.218661 1.54188 0.828
0.246842 1.53992 0.829
0.240071 1.53911 0.829
0.246651 1.55271 0.83
0.251415 1.54322 0.83
0.254638 1.53068 0.832
0.257478 1.52078 0.832
0.260483 1.49307 0.833
0.13143 1.47133 0.834
0.170518 1.47772 0.833
0.0572215 1.45961 0.833
0.0726969 1.43264 0.834
0.0805129 1.42552 0.834
0.00435895 1.39163 0.835
-0.0267622 1.37822 0.834
-0.0471993 1.38655 0.835
-0.0773947 1.37182 0.835
-0.0335217 1.36117 0.834
-0.0399634 1.36312 0.836
-0.0628954 1.37187 0.836
-0.114223 1.36473 0.842
-0.0847584 1.3614 0.842
-0.0804209 1.36448 0.842
-0.112371 1.34195 0.843
-0.08296 1.35258 0.847
-0.187063 1.35363 0.844
-0.211339 1.3429 0.844
-0.236636 1.34651 0.843
-0.269837 1.34592 0.842
-0.26595 1.36959 0.842
-0.308679 1.39702 0.843
-0.32725 1.39078 0.843
-0.343053 1.41892 0.848
-0.360547 1.42923 0.848
-0.375804 1.41174 0.847
-0.388437 1.42321 0.849
-0.400126 1.40529 0.849
-0.410605 1.42858 0.849
-0.419809 1.42022 0.848
-0.428021 1.40757 0.844
-0.567229 1.43457 0.843
-0.604179 1.44613 0.842
-0.598362 1.45228 0.842
-0.627309 1.4978 0.841
-0.651882 1.5111 0.841
-0.592558 1.53699 0.845
-0.590772 1.52522 0.842
-0.584566 1.54141 0.842
-0.570922 1.54427 0.845
-0.561366 1.54794 0.845
-0.554443 1.51436 0.845
-0.731542 1.51729 0.846
-0.717792 1.51128 0.845
-0.753156 1.51168 0.847
-0.79848 1.50214 0.847
-0.82755 1.49497 0.844
-0.851821 1.50044 0.84
-0.87731 1.51294 0.836
-0.720275 1.52158 0.836
-0.687538 1.52433 0.83
-0.651494 1.55547 0.83
-0.601343 1.58097 0.824
-0.489675 1.58532 0.824
-0.434032 1.5975 0.817
-0.378588 1.59357 0.816
-0.322082 1.60447 0.813
-0.269841 1.62477 0.811
-0.227671 1.62936 0.809
-0.188579 1.64492 0.81
-0.15218 1.64003 0.802
-0.111058 1.66234 0.812
